1
    11617616176   24 2004  153   00
 3139-6850  05CC007
   1.330
   1.350
   1.180
   0.943
   0.769
   0.591
   0.837
   0.878
   2.280
   2.350
   1.920
   1.670
   1.620
   1.820
   2.250
   3.170
   4.180
   4.950
   4.910
   3.900
   2.980
   2.290
   1.910
   1.530
   1.090
   0.924
   0.732
   0.462
   0.411
   0.337
   0.253
   0.344
   0.470
   1.530
   2.230
   3.550
   3.320
   2.580
   2.470
   3.140
   4.780
   4.730
   4.540
   7.050
   6.040
   4.490
   3.420
   2.650
   2.230
   1.810
   1.650
   1.310
   1.020
   0.776
   1.080
   1.220
   0.965
   0.759
   0.550
   0.429
   0.417
   0.534
   0.297
   0.165
   0.480
   5.210
   4.120
   4.040
   3.980
   3.380
   2.620
   2.080
   1.640
   1.400
   1.190
   1.090
   1.040
   0.846
   0.708
   0.819
   0.819
   0.593
   0.713
   0.766
   1.150
   1.330
   1.450
   1.410
   1.740
   1.570
   1.290
   0.990
   0.712
   0.811
   7.200
  16.700
  25.900
  28.200
  20.800
  14.000
   8.740
   6.080
   4.920
   4.420
   4.270
   4.070
   3.430
   2.980
   2.820
   2.440
   2.180
   2.390
   2.620
   2.780
   2.380
   2.100
   1.780
   1.590
   1.390
   1.220
   1.320
   1.270
   1.060
   0.980
   1.030
   1.000
   0.858
   0.784
   0.725
   0.608
   0.642
   0.600
   0.758
   0.645
   0.909
   0.887
   0.882
   0.897
   0.904
   1.040
   1.490
   1.800
   1.560
   1.490
   1.500
   1.450
   1.530
   2.710
   3.000
   3.200
   1.600
   1.000
   1.080
   1.000
   0.925
   0.900
   0.850
   0.820
   0.725
   0.695
   0.750
   0.700
   0.750
   0.800
   0.890
   0.810
   0.700
   0.540
   0.520
   0.560
   0.590
   0.570
   0.520
   0.460
   0.470
   0.480
   0.450
   0.440
   0.445
   0.450
   0.461
   0.490
   0.593
   0.552
   0.500
   0.470
   0.480
   0.510
   0.540
   0.570
   0.560
   0.582
   0.610
   0.625
   0.580
   0.600
   0.610
   0.595
   0.597
   0.570
   0.560
   0.580
   0.578
   0.540
   0.550
   0.540
   0.510
   0.480
   0.500
   0.540
   0.538
   0.525
   0.520
   0.495
   0.480
   0.460
   0.450
   0.440
   0.430
   0.418
   0.410
   0.400
   0.390
   0.380
   0.360
   0.345
   0.347
   0.357
   0.346
   0.372
   0.415
   0.371
   0.353
   0.350
   0.330
   0.345
   0.380
   0.402
   0.350
   0.340
   0.350
   0.372
   0.379
   0.380
   0.365
   0.370
   0.375
   0.299
   0.302
   0.320
   0.360
   0.410
   0.450
   0.500
   0.520
   0.530
   0.490
   0.478
   0.480
   0.495
   0.505
   0.494
   0.490
   0.520
   0.545
   0.550
   0.560
   0.580
   0.610
   0.605
   0.625
   0.590
   0.598
   0.610
   0.630
   0.625
   0.640
   0.620
   0.640
   0.650
   0.750
   0.800
   0.925
   1.100
   4.140
  16.300
  25.500
  26.300
  22.500
  16.500
  13.300
  12.200
  10.200
   8.360
   6.460
   5.680
   5.040
   4.450
   3.820
   3.470
   3.300
   3.070
   2.560
   2.720
   4.420
  18.900
  39.200
  56.600
  69.700
  95.000
  84.300
  66.400
  53.700
  42.600
  34.400
  28.200
  23.500
  20.900
  18.900
  16.100
  14.600
  13.000
  11.900
  10.600
   9.750
   9.270
   8.790
   8.660
   8.660
   7.680
   7.010
   7.230
   5.970
   5.400
   4.580
   4.070
   3.750
   3.380
   3.150
   3.060
   3.930
   7.370
  11.900
  12.000
   9.730
   7.840
   6.370
   5.540
   4.570
   3.880
   4.260
   9.470
  15.600
  14.500
  10.300
   7.550
   5.900
   4.920
   4.570
   4.290
   4.210
   3.700
   3.080
   2.650
   2.320
   2.050
   1.860
   1.930
   2.060
   2.310
   3.290
   2.820
   2.630
   2.490
   2.490
   2.580
   2.450
   2.480
   2.410
   2.490
   2.570
   2.440
   5.850
  29.600
  43.400
  49.900
  41.800
  28.100
  21.100
  17.100
  16.300
  23.600
  27.000
  25.500
  17.100
  11.300
   8.990
   8.090
   6.740
   5.270
   4.190
   3.490
   3.000
   2.790
   2.550
   2.080
   1.930
   1.780
   1.630
   1.570
   1.440
   1.340
   1.240
   1.190
   1.150
   1.150
   1.020
   1.060
   1.470
   1.810
   1.920
   1.920
   1.750
   1.900
   2.430
   2.750
   2.970
   2.720
   1.990
   1.510
   1.180
   0.907
   0.687
   0.615
   0.570
   0.613
   0.598
   0.770
   0.866
   0.840
   0.850
   1.030
   1.320
   2.100
   2.970
   3.830
   3.810
   3.070
   2.970
  12.000
  31.000
  39.600
  37.600
  27.700
  17.400
  12.400
   9.480
   7.560
   6.320
   5.190
   4.240
   3.650
   3.100
   2.740
   2.360
   2.770
   9.060
  38.500
  56.100
  68.100
  60.100
  40.200
  27.100
  22.200
  19.300
  16.500
  14.100
  12.200
  10.500
   9.440
   8.570
   8.060
   7.330
   6.700
   6.310
   6.010
   5.630
   6.030
  10.800
  18.500
  17.300
  13.700
  10.900
   9.230
   8.330
   7.790
   6.930
   6.280
   5.830
   5.530
   5.160
   4.810
   4.630
   4.540
   4.500
   4.500
   4.290
   4.020
   3.720
   3.490
   3.400
   3.330
   3.290
   3.200
   3.130
   3.060
   2.930
   2.680
   2.620
   2.500
   2.410
   2.320
   2.220
   2.100
   2.090
   2.120
   1.960
   1.850
   1.590
   1.800
   1.590
   1.480
   1.360
   1.300
   1.200
   1.080
   1.150
   1.140
   1.030
   0.947
   0.870
   0.846
   0.839
   0.775
   0.710
   0.650
   0.600
   0.580
   0.591
   0.580
   0.560
   0.540
   0.570
   0.560
   0.545
   0.560
   0.570
   0.600
   0.620
   0.675
   0.700
   0.740
   0.680
   0.650
   0.600
   0.513
   0.462
   0.516
   0.523
   0.550
   0.580
   0.650
   0.750
   0.705
   0.718
   0.725
   0.680
   0.645
   0.610
   1.010
   0.865
   0.723
   0.575
   0.565
   0.657
   0.614
   0.599
   0.622
   0.538
   0.635
   0.775
   0.778
   0.719
   0.693
   0.605
   0.604
   0.564
   0.583
   0.533
   0.492
   0.457
   0.485
   0.557
   0.550
   0.557
   0.461
   0.455
   0.478
   0.516
   0.503
   0.536
   0.488
   0.378
   0.448
   0.591
   0.444
   0.374
   0.548
   0.576
   0.418
   0.416
   0.560
   0.633
   0.692
   0.677
   0.400
   0.200
   0.220
   0.260
   0.300
   0.321
   0.340
   0.310
   0.290
   0.260
   0.245
   0.260
   0.275
   0.240
   0.255
   0.280
   0.300
   0.340
   0.370
   0.410
   0.431
   0.368
   0.300
   0.250
   0.180
   0.170
   0.200
   0.211
   0.240
   0.250
   0.220
   0.200
   0.220
   0.240
   0.260
   0.270
   0.290
   0.273
   0.320
   0.580
   0.609
   0.994
   2.100
   2.500
   3.400
   4.600
   7.000
  10.000
  13.000
  18.000
  25.500
  32.200
  30.200
  20.400
  14.300
  10.600
   8.460
   7.310
   6.080
   5.300
   4.660
   4.010
   3.450
   3.070
   2.910
   2.700
   2.510
   2.330
   2.140
   1.970
   1.890
   1.870
   1.780
   1.850
   1.980
   2.700
   3.150
   2.880
   2.650
   2.390
   2.340
   2.430
   2.250
   2.260
   2.220
   2.050
   1.990
   1.890
   1.850
   2.090
   2.030
   1.650
   1.480
   1.350
   1.420
   1.400
   1.400
   1.560
   1.670
   1.850
   2.000
   2.350
   2.590
   2.450
   2.250
   2.040
   1.930
   1.730
   1.460
   1.220
   1.110
   0.933
   0.991
   1.130
   1.420
   1.900
   2.870
   2.690
   2.680
   2.790
   3.550
   6.640
  10.100
   9.280
   7.130
   6.290
   5.990
   4.890
   4.060
   3.880
   3.160
   2.510
   2.030
   1.720
   1.520
   1.200
   0.934
   0.752
   0.570
   0.453
   0.446
   0.824
   0.773
   0.846
   1.050
   1.100
   0.893
   0.788
   0.711
   0.640
   0.583
   0.690
   0.882
   0.771
   0.671
   0.591
   0.543
   0.501
   0.509
   0.588
   0.497
   0.435
   0.508
   1.040
   1.650
   2.770
   3.250
   6.190
   4.800
   3.990
   4.550
   6.420
   7.970
   6.150
   4.540
   3.850
   3.170
   3.020
   3.080
   3.600
   3.650
   3.060
   2.600
   2.380
   1.990
   1.680
   1.410
   1.320
   1.280
   1.250
   1.190
   1.120
   1.070
   1.020
   0.956
   1.100
   1.210
   1.330
   1.460
   1.560
   1.440
   1.280
   1.150
   1.070
   1.110
   1.020
   0.904
   0.850
   0.818
   0.911
   0.992
   1.660
   6.450
  15.900
  18.900
  16.600
  12.800
  10.200
   8.690
   8.220
   8.290
   7.180
   6.330
   5.470
   4.980
   4.600
   4.460
   3.560
   3.130
   2.810
   2.580
   2.340
   2.170
   2.070
   1.950
   1.850
   1.810
   1.730
   1.640
   1.630
   1.600
   1.650
   1.800
   2.080
   2.780
   3.240
   3.230
   3.230
   3.510
   3.860
   3.610
   3.290
   3.010
   2.890
   2.870
   2.700
   1.750
   1.450
   1.250
   1.080
   0.761
   0.677
   0.824
   1.110
   1.400
   1.690
   1.660
   1.610
   1.530
   1.400
   1.310
   1.180
   1.240
   1.240
   1.260
   1.100
   1.010
   0.956
   0.942
   0.918
   0.828
   0.743
   0.730
   0.740
   0.730
   0.720
   0.703
   0.774
   0.836
   0.765
   0.754
   0.760
   0.780
   0.824
   0.971
   1.040
   1.090
   1.140
   1.100
   1.110
   1.020
   0.960
   0.924
   0.904
   0.708
   0.586
   0.729
   0.680
   0.691
   0.766
   0.703
   0.716
   0.836
   0.668
   0.539
   0.588
   0.598
   0.661
   0.609
   0.610
   0.620
   0.623
   0.643
   0.630
   0.616
   0.618
   0.610
   0.603
   0.570
   0.540
   0.500
   0.460
   0.451
   0.472
   0.525
   0.550
   0.570
   0.570
   0.560
   0.550
   0.540
   0.528
   0.519
   0.489
   0.480
   0.459
   0.430
   0.415
   0.410
   0.430
   0.442
   0.432
   0.434
   0.432
   0.450
   0.460
   0.466
   0.454
   0.470
   0.470
   0.481
   0.493
   0.471
   0.474
   0.504
   0.503
   0.549
   0.589
   0.615
   0.624
   0.593
   0.549
   0.513
   0.579
   0.581
   0.602
   0.600
   0.601
   0.610
   0.610
   0.620
   0.632
   0.643
   0.588
   0.600
   0.615
   0.635
   0.644
   0.644
   0.683
   0.806
   0.769
   1.540
   1.400
   1.230
   1.110
   1.100
   1.200
   1.500
   2.000
   3.210
   6.190
  14.100
  20.300
  25.100
  26.600
  26.600
  25.300
  25.100
  22.200
  17.300
  11.600
   8.910
   7.960
   6.870
   7.200
   7.090
  10.500
  24.800
  34.700
  38.100
  41.700
  38.400
  31.700
  27.100
  23.700
  23.300
  32.500
  45.500
  48.800
  49.200
  48.900
  48.300
  45.800
  43.900
  38.500
  30.900
  24.700
  20.900
  19.000
  17.400
  19.100
  45.300
  97.000
 163.000
 202.000
 154.000
  92.000
  45.500
  28.700
  22.700
  18.600
  15.700
  13.600
  11.900
  10.500
   9.550
   9.420
   9.510
  10.200
  12.600
  12.800
  12.200
  17.400
  21.100
  19.100
  15.400
  12.500
  10.200
   8.490
   7.190
   6.290
   5.360
   4.570
   4.540
  38.200
  77.400
  81.400
  74.100
  48.600
  29.600
  27.300
  28.200
  27.200
  25.700
  25.200
  37.000
  63.300
  69.400
  64.600
  49.800
  31.400
  21.500
  28.000
  38.700
  37.900
  28.000
  20.200
  20.500
  39.200
  46.100
  42.600
  30.700
  21.100
  15.900
  12.300
   9.900
   8.290
   8.850
   9.890
   9.650
   8.350
   6.660
   5.690
   5.100
   4.530
   4.280
  13.200
  14.700
  16.700
  14.800
  11.400
   8.320
   6.830
   5.970
   5.690
   5.310
   4.460
   3.860
   3.450
   3.170
   2.900
   2.740
   2.780
   2.660
   2.530
   2.470
   2.560
   2.880
   3.260
   4.020
   5.620
   6.990
   7.190
   5.920
   4.910
   4.140
   3.520
   3.140
   3.080
   3.080
   3.190
   3.090
   3.190
   3.150
   3.660
   3.970
   4.420
   5.390
   6.220
   6.190
   5.210
   5.190
   5.880
   5.960
   5.650
   5.030
   4.960
   5.300
   5.230
   5.580
   5.510
   5.140
   6.370
   7.330
   7.680
   7.120
   6.080
   5.540
   5.300
   5.010
   4.850
   4.640
   4.730
   4.250
   4.020
   3.970
   3.750
   3.650
   3.650
   3.690
   3.790
   3.730
   3.610
   3.290
   3.290
   3.430
   3.750
   3.710
   3.660
   3.490
   3.130
   2.800
   2.700
   2.620
   2.570
   2.540
   2.590
   2.610
   2.530
   2.290
   2.280
   2.130
   2.160
   2.150
   2.230
   2.260
   2.190
   2.140
   2.140
   2.110
   2.110
   2.040
   1.900
   1.790
   1.950
   1.880
   1.820
   1.770
   1.720
   1.670
   1.620
   1.570
   1.550
   1.480
   1.420
   1.380
   1.300
   1.200
   1.130
   1.050
   1.020
   1.000
   0.970
   0.920
   0.890
   0.860
   0.840
   0.815
   0.790
   0.760
   0.730
   0.700
   0.680
   0.670
   0.690
   0.712
   0.717
   0.719
   0.693
   0.673
   0.636
   0.665
   0.648
   0.642
   0.631
   0.670
   0.665
   0.665
   0.660
   0.663
   0.681
   0.666
   0.680
   0.652
   0.635
   0.630
   0.620
   0.610
   0.600
   0.590
   0.574
   0.547
   0.560
   0.563
   0.574
   0.547
   0.555
   0.553
   0.576
   0.596
   0.584
   0.518
   0.486
   0.484
   0.457
   0.420
   0.435
   0.403
   0.356
   0.355
   0.382
   0.366
   0.351
   0.328
   0.318
   0.288
   0.255
   0.246
   0.237
   0.220
   0.199
   0.182
   0.189
   0.217
   0.224
   0.220
   0.229
   0.267
   0.279
   0.295
   0.336
   0.346
   0.339
   0.325
   0.312
   0.300
   0.306
   0.315
   0.325
   0.340
   0.360
   0.389
   0.407
   0.476
   0.485
   0.455
   0.451
   0.455
   0.470
   0.454
   0.439
   0.452
   0.478
   0.530
   0.449
   0.435
   0.405
   0.456
   0.439
   0.449
   0.472
   0.475
   0.476
   0.500
   0.542
   0.520
   0.500
   0.480
   0.470
   0.460
   0.520
   0.600
   0.750
   0.853
   0.996
   1.250
   1.590
   1.720
   1.600
   1.590
   1.550
   1.440
   1.350
   1.320
   1.290
   1.250
   1.280
   1.350
   1.400
   1.450
   1.650
   1.700
   1.800
   1.880
   1.980
   2.080
   2.600
   2.780
   2.860
   2.660
   2.620
   2.470
   1.530
   1.260
   1.180
   1.100
   1.120
   1.200
   1.300
   1.500
   1.850
   5.360
  14.400
  21.400
  20.400
  15.800
  11.800
   9.380
   7.730
   6.520
   5.750
  11.300
  25.400
  31.800
  31.500
  25.600
  18.800
  14.100
  11.300
   9.520
   7.390
   6.030
   5.270
   4.830
   4.810
   6.250
  11.100
  16.100
  17.100
  16.500
  16.700
  14.200
  12.300
   9.410
   7.850
   6.900
   6.070
   5.780
   5.560
   5.280
   5.130
   5.290
   7.370
   8.780
  10.800
  21.500
  28.900
  29.100
  24.000
  21.600
  18.400
  14.600
  11.700
  10.300
   9.300
   7.930
   6.570
   6.050
   7.500
   9.980
   9.350
   7.510
   5.840
   4.800
   3.950
   3.350
   2.830
   2.510
   2.430
   2.270
   2.160
   2.340
   2.900
   2.790
   3.190
   4.550
   8.100
   7.560
   6.440
   6.290
   9.620
   9.840
   8.430
   6.690
   8.020
   8.770
   6.060
   4.330
   3.550
   3.240
   2.850
   2.430
   2.120
   1.970
   1.810
   1.680
   1.500
   1.370
   1.260
   1.190
   1.140
   1.050
   0.987
   1.000
   1.060
   1.050
   0.960
   0.878
   0.818
   0.790
   0.796
   0.777
   0.753
   0.745
   0.727
   0.684
   0.967
   2.170
   2.100
   2.700
   2.760
   2.530
   2.500
   2.130
   2.080
   2.140
   1.910
   1.790
   1.690
   1.650
   1.630
   1.630
   1.570
   1.510
   1.660
   1.590
   1.380
   1.200
   1.170
   1.190
   1.190
   1.150
   1.150
   1.110
   1.160
   1.150
   1.110
   1.030
   1.110
   1.180
   1.290
   1.260
   1.300
   1.430
   1.330
   1.450
   1.450
   1.360
   1.330
   1.170
   1.220
   1.420
   1.360
   0.976
   1.020
   0.895
   0.866
   1.000
   0.992
   0.936
   1.130
   1.250
   1.290
   1.210
   1.130
   1.110
   1.110
   1.080
   1.000
   0.981
   0.940
   0.920
   0.940
   0.967
   1.160
   0.803
   0.757
   0.739
   0.753
   0.760
   0.740
   0.683
   0.671
   0.659
   0.651
   0.679
   0.670
   0.610
   0.577
   0.559
   0.565
   0.540
   0.520
   0.500
   0.484
   0.479
   0.490
   0.500
   0.512
   0.529
   0.515
   0.483
   0.496
   0.497
   0.516
   0.523
   0.529
   0.535
   0.509
   0.488
   0.489
   0.481
   0.455
   0.495
   0.506
   0.520
   0.528
   0.526
   0.518
   0.509
   0.477
   0.464
   0.450
   0.460
   0.476
   0.500
   0.495
   0.489
   0.423
   0.434
   0.473
   0.486
   0.489
   0.425
   0.355
   0.341
   0.350
   0.360
   0.370
