1
    1  365  365   24 1999  305   00
 5968  524 main stream
      0.69
      0.71
      0.72
      0.71
      0.64
      0.65
      0.65
      0.70
      0.66
      0.67
      0.68
      0.69
      0.69
      0.64
      0.66
      0.66
      0.66
      0.60
      0.61
      0.63
      0.64
      0.64
      0.63
      0.61
      0.58
      0.58
      0.59
      0.59
      0.58
      0.57
      0.57
      0.56
      0.54
      0.54
      0.55
      0.55
      0.54
      0.53
      0.53
      0.52
      0.51
      0.50
      0.50
      0.50
      0.47
      0.42
      0.40
      0.43
      0.45
      0.44
      0.43
      0.41
      0.41
      0.41
      0.42
      0.42
      0.43
      0.44
      0.45
      0.46
      0.46
      0.47
      0.47
      0.46
      0.44
      0.44
      0.43
      0.44
      0.44
      0.45
      0.45
      0.45
      0.43
      0.41
      0.39
      0.38
      0.35
      0.34
      0.34
      0.32
      0.28
      0.27
      0.28
      0.29
      0.29
      0.29
      0.30
      0.31
      0.29
      0.28
      0.29
      0.30
      0.30
      0.29
      0.28
      0.28
      0.28
      0.28
      0.28
      0.28
      0.27
      0.26
      0.24
      0.20
      0.18
      0.16
      0.14
      0.12
      0.10
      0.10
      0.09
      0.10
      0.11
      0.13
      0.15
      0.17
      0.19
      0.21
      0.23
      0.24
      0.25
      0.25
      0.26
      0.27
      0.29
      0.30
      0.31
      0.31
      0.30
      0.30
      0.29
      0.28
      0.26
      0.25
      0.24
      0.19
      0.14
      0.13
      0.13
      0.16
      0.16
      0.16
      0.17
      0.23
      0.30
      0.37
      0.43
      0.48
      0.51
      0.57
      0.77
      0.88
      0.96
      1.08
      1.10
      1.16
      1.18
      1.06
      0.96
      0.94
      0.82
      0.74
      0.67
      0.64
      0.61
      0.56
      0.51
      0.50
      0.53
      0.59
      0.69
      0.93
      1.33
      1.51
      1.90
      2.19
      2.35
      2.66
      2.75
      2.77
      2.74
      2.74
      2.75
      2.72
      2.72
      2.68
      2.61
      2.54
      2.47
      2.44
      2.39
      2.34
      2.28
      2.19
      2.10
      1.99
      1.90
      1.79
      1.73
      1.66
      1.75
      1.70
      1.61
      1.58
      1.96
      2.35
      2.61
      2.96
      4.52
      6.68
      7.62
      7.97
      7.64
      7.21
      6.65
      6.16
      5.74
      5.27
      4.77
      4.46
      4.12
      3.90
      3.81
      4.59
      5.84
      6.51
      6.42
      6.53
      6.16
      5.65
      5.10
      4.60
      4.78
      5.64
      5.89
      5.54
      5.10
      4.69
      4.39
      4.12
      3.74
      3.45
      3.35
      3.15
      3.22
      2.99
      2.74
      3.08
      3.11
      4.29
      5.26
      5.10
      4.70
      5.19
      6.56
      6.42
      5.75
      5.07
      4.64
      4.43
      4.72
      5.22
      5.11
      4.69
      4.23
      3.77
      3.40
      3.10
      2.98
      2.63
      2.38
      2.15
      1.87
      1.61
      1.46
      1.25
      1.11
      1.03
      1.04
      1.14
      1.42
      2.42
      3.60
      3.73
      3.51
      3.76
      3.82
      3.79
      3.70
      3.47
      3.27
      2.98
      2.67
      2.49
      2.38
      2.18
      2.00
      1.81
      1.64
      1.51
      1.35
      1.28
      1.21
      1.14
      1.10
      1.05
      1.00
      0.90
      0.87
      0.81
      0.72
      0.65
      0.61
      0.57
      0.55
      0.59
      0.62
      0.64
      0.61
      0.62
      0.59
      0.57
      0.55
      0.57
      0.57
      0.54
      0.56
      0.57
      0.57
      0.58
      0.58
      0.55
      0.51
      0.51
      0.50
      0.50
      0.50
      0.49
      0.49
      0.49
      0.48
      0.47
      0.49
      0.52
      0.51
      0.52
      0.52
      0.51
      0.51
      0.51
      0.50
      0.50
      0.51
      0.52
      0.51
      0.50
      0.50
      0.51
      0.50
      0.51
      0.50
      0.49
      0.50
      0.50
      0.50
      0.51